  7.6294707e-001
  9.0084022e-001
  9.6212245e-001
  9.3654809e-001
  8.2861134e-001
  6.6122028e-001
  4.6358084e-001
  2.7525637e-001
  1.2834850e-001
  5.0332708e-002
  5.2042577e-002
  1.2798795e-001
  2.5993717e-001
  4.1710733e-001
  5.6281345e-001
  6.6433578e-001
  6.9593748e-001
  6.4635442e-001
  5.2187692e-001
  3.4191080e-001
  1.3853933e-001
 -5.2857224e-002
 -1.9817045e-001
 -2.7304738e-001
 -2.6704615e-001
 -1.8532187e-001
 -5.0956948e-002
  1.0437154e-001
  2.4500386e-001
  3.3579041e-001
  3.5388355e-001
  2.8711189e-001
  1.4174438e-001
 -5.9998137e-002
 -2.8584250e-001
 -4.9653059e-001
 -6.5869375e-001
 -7.4646635e-001
 -7.5006007e-001
 -6.7520924e-001
 -5.4295284e-001
 -3.8608641e-001
 -2.4303701e-001
 -1.4667561e-001
 -1.2009342e-001
 -1.7237694e-001
 -2.9661938e-001
 -4.7082669e-001
 -6.6266398e-001
 -8.3373846e-001
 -9.5041742e-001
 -9.8771609e-001
 -9.3821886e-001
 -8.0570948e-001
 -6.1425211e-001
 -3.9570491e-001
 -1.8863032e-001
 -2.7401357e-002
  6.2222084e-002
  6.9840115e-002
  1.6560116e-003
 -1.2103322e-001
 -2.6521274e-001
 -3.9275197e-001
 -4.6990296e-001
 -4.7318555e-001
 -3.9201024e-001
 -2.3079256e-001
 -1.1139373e-002
  2.3876569e-001
  4.7683347e-001
  6.6838655e-001
  7.8748618e-001
  8.2602717e-001
  7.9085470e-001
  7.0108576e-001
  5.8661387e-001
  4.8292817e-001
  4.2027860e-001
  4.1937739e-001
  4.8626050e-001
  6.1496136e-001
  7.8304076e-001
  9.5696617e-001
  1.1014911e+000
  1.1850381e+000
  1.1856381e+000
  1.0952365e+000
  9.2290701e-001
  6.9322669e-001
  4.4164523e-001
  2.0572099e-001
  1.8455410e-002
 -9.5363736e-002
 -1.2956430e-001
 -8.9495730e-002
  3.6804422e-004
  1.0920561e-001
  2.0195709e-001
  2.4459113e-001
  2.1352704e-001
  1.0292330e-001
 -7.7948832e-002
 -3.0365847e-001
 -5.4187647e-001
 -7.5439254e-001
 -9.0744150e-001
 -9.7994027e-001
 -9.6404567e-001
 -8.6861982e-001
 -7.1842409e-001
 -5.4659147e-001
 -3.9114457e-001
 -2.8447448e-001
 -2.4888660e-001
 -2.9050230e-001
 -4.0035981e-001
 -5.5312514e-001
 -7.1512969e-001
 -8.4775164e-001
 -9.1816769e-001
 -9.0612600e-001
 -8.0409628e-001
 -6.2289297e-001
 -3.8836666e-001
 -1.3597997e-001
  9.5737051e-002
  2.7389909e-001
  3.7527653e-001
  3.9378382e-001
  3.3840059e-001
  2.3356913e-001
  1.1194812e-001
  9.2132666e-003
 -3.9543867e-002
 -1.5304871e-002
  8.6426557e-002
  2.5745722e-001
  4.7086718e-001
  6.9082197e-001
  8.8044070e-001
  1.0063944e+000
  1.0468840e+000
  9.9493072e-001
  8.5939992e-001
  6.6939953e-001
  4.5793682e-001
  2.6260645e-001
  1.1605766e-001
  4.6335731e-002
  5.7812838e-002
  1.4202447e-001
  2.7497583e-001
  4.2461081e-001
  5.5069047e-001
  6.2256919e-001
  6.1821823e-001
  5.3039524e-001
  3.6563317e-001
  1.5193148e-001
 -7.6745412e-002
 -2.8468465e-001
 -4.4192143e-001
 -5.2817207e-001
 -5.3710761e-001
 -4.7469973e-001
 -3.6897112e-001
 -2.5139159e-001
 -1.5337422e-001
 -1.0447912e-001
 -1.2527013e-001
 -2.1993928e-001
 -3.7031685e-001
 -5.5490851e-001
 -7.3790356e-001
 -8.8449696e-001
 -9.6380988e-001
 -9.5654855e-001
 -8.5867209e-001
 -6.8379916e-001
 -4.5850810e-001
 -2.1811110e-001
  5.1017239e-004
  1.6572906e-001
  2.5663803e-001
  2.6795314e-001
  2.1022292e-001
  1.0853898e-001
 -2.7799788e-003
 -8.7711948e-002
 -1.1560106e-001
 -6.8674841e-002
  5.6701960e-002
  2.4618416e-001
  4.7204597e-001
  6.9797236e-001
  8.8671973e-001
  1.0056361e+000
  1.0354194e+000
  9.7254256e-001
  8.2971263e-001
  6.3578178e-001
  4.2801908e-001
  2.4312727e-001
  1.1390039e-001
  5.8469250e-002
  8.2180171e-002
  1.7111327e-001
  2.9944249e-001
  4.3184348e-001
  5.3149777e-001
  5.6762115e-001
  5.2182693e-001
  3.9079439e-001
  1.8942899e-001
 -5.4987498e-002
 -3.0683942e-001
 -5.2887092e-001
 -6.8945527e-001
 -7.6925534e-001
 -7.6502125e-001
 -6.8888723e-001
 -5.6736535e-001
 -4.3407355e-001
 -3.2513203e-001
 -2.6999259e-001
 -2.8624986e-001
 -3.7587582e-001
 -5.2456548e-001
 -7.0578246e-001
 -8.8220109e-001
 -1.0168562e+000
 -1.0783266e+000
 -1.0486715e+000
 -9.2496217e-001
 -7.2174495e-001
 -4.6775777e-001
 -2.0010853e-001
  4.1552566e-002
  2.2389663e-001
  3.2619736e-001
  3.4355065e-001
  2.9038215e-001
  1.9258939e-001
  8.4432415e-002
  3.1386315e-001
  3.0606031e-001
  2.9685502e-001
  2.8671827e-001
  2.7498351e-001
  2.6048657e-001
  2.4167091e-001
  2.1735672e-001
  1.8778229e-001
  1.5471158e-001
  1.2126156e-001
  9.1855748e-002
  7.0362040e-002
  5.9883276e-002
  6.1925756e-002
  7.5126853e-002
  9.5879557e-002
  1.1874260e-001
  1.3729470e-001
  1.4594629e-001
  1.4032642e-001
  1.1973770e-001
  8.5714393e-002
  4.3375732e-002
 -1.7640595e-004
 -3.7059512e-002
 -6.1325507e-002
 -6.8310540e-002
 -5.8034907e-002
 -3.3960892e-002
 -3.4226699e-003
  2.4398133e-002
  4.0042159e-002
  3.5832426e-002
  7.7277714e-003
 -4.3672121e-002
 -1.1254186e-001
 -1.8883337e-001
 -2.6133115e-001
 -3.1843362e-001
 -3.5103302e-001
 -3.5426737e-001
 -3.2896317e-001
 -2.8164609e-001
 -2.2326610e-001
 -1.6710858e-001
 -1.2615912e-001
 -1.0992696e-001
 -1.2248825e-001
 -1.6284629e-001
 -2.2165556e-001
 -2.8848956e-001
 -3.4785314e-001
 -3.8657652e-001
 -3.9314784e-001
 -3.6410577e-001
 -3.0161014e-001
 -2.1535023e-001
 -1.1939823e-001
 -3.0157145e-002
  3.7402658e-002
  7.2228239e-002
  6.9718640e-002
  3.2646625e-002
 -2.7433965e-002
 -9.5258365e-002
 -1.5246650e-001
 -1.8137135e-001
 -1.6839946e-001
 -1.0744863e-001
 -1.8450950e-003
  1.3585600e-001
  2.8679203e-001
  4.2924783e-001
  5.4275386e-001
  6.1300804e-001
  6.3251272e-001
  6.0296260e-001
  5.3628822e-001
  4.4942111e-001
  3.6271266e-001
  2.9576489e-001
  2.6205547e-001
  2.6744460e-001
  3.0967230e-001
  3.7621699e-001
  4.5057431e-001
  5.1108936e-001
  5.3974797e-001
  5.2353678e-001
  4.5812783e-001
  3.4925764e-001
  2.0968904e-001
  6.0159014e-002
 -7.6127124e-002
 -1.7825350e-001
 -2.3170925e-001
 -2.3059421e-001
 -1.8010056e-001
 -9.4577802e-002
  2.3681182e-003
  8.7445592e-002
  1.3863678e-001
  1.4123355e-001
  8.9629777e-002
 -1.0374548e-002
 -1.4301160e-001
 -2.8625760e-001
 -4.1538730e-001
 -5.0872821e-001
 -5.5131028e-001
 -5.3760470e-001
 -4.7531370e-001
 -3.8120530e-001
 -2.7684977e-001
 -1.8559729e-001
 -1.3017388e-001
 -1.2218163e-001
 -1.6778616e-001
 -2.5853197e-001
 -3.7771794e-001
 -5.0017732e-001
 -5.9986472e-001
 -6.5594370e-001
 -6.5282806e-001
 -5.8782795e-001
 -4.6887842e-001
 -3.1508048e-001
 -1.5191080e-001
 -6.7503908e-003
  9.6480646e-002
  1.4430466e-001
  1.3237683e-001
  6.9695888e-002
 -2.5208054e-002
 -1.2586708e-001
 -2.0616892e-001
 -2.4251561e-001
 -2.2157815e-001
 -1.3956406e-001
 -6.5631161e-003
  1.6013188e-001
  3.3148526e-001
  4.8154684e-001
  5.8762319e-001
  6.3522506e-001
  6.2094726e-001
  5.5571561e-001
  4.5982874e-001
  3.5955163e-001
  2.7972066e-001
  2.4209681e-001
  2.5923403e-001
  3.3278506e-001
  4.4902494e-001
  5.8713537e-001
  7.1765357e-001
  8.1128205e-001
  8.4208561e-001
  7.9892401e-001
  6.7906227e-001
  4.9585224e-001
  2.7232649e-001
  3.9628962e-002
 -1.7097220e-001
 -3.3198536e-001
 -4.2742150e-001
 -4.5235454e-001
 -4.1798430e-001
 -3.4273459e-001
 -2.5533870e-001
 -1.8526907e-001
 -1.5611561e-001
 -1.8387467e-001
 -2.7156204e-001
 -4.0801223e-001
 -5.7110596e-001
 -7.2976331e-001
 -8.5419051e-001
 -9.2011091e-001
 -9.1375335e-001
 -8.3440060e-001
 -6.9450328e-001
 -5.1799835e-001
 -3.3661779e-001
 -1.8052651e-001
 -7.5088089e-002
 -3.6400321e-002
 -6.5085969e-002
 -1.4771445e-001
 -2.6021982e-001
 -3.7260802e-001
 -4.5263855e-001
 -4.7772481e-001
 -4.3172713e-001
 -3.1284563e-001
 -1.3637850e-001
  7.2560122e-002
  2.8108344e-001
  4.5803033e-001
  5.7700377e-001
  6.2181928e-001
  5.9216226e-001
  4.9974304e-001
  3.6913074e-001
  2.3210458e-001
  1.2050700e-001
  6.2563910e-002
  7.1691365e-002
  1.4665814e-001
  2.7507505e-001
  4.3038247e-001
  5.8092363e-001
  6.9331207e-001
  7.4242517e-001
  7.1336630e-001
  6.0706122e-001
  4.3872416e-001
  2.3616309e-001
  3.3795383e-002
 -1.3467869e-001
 -2.4190406e-001
 -2.7169491e-001
 -2.2212666e-001
 -1.1017500e-001
  3.6893566e-002
  1.8570103e-001
  3.0327915e-001
  3.5785780e-001
  3.3476677e-001
  2.3292756e-001
  6.8403738e-002
 -1.3403843e-001
 -3.4009414e-001
 -5.1592357e-001
 -6.3339920e-001
 -6.7643703e-001
 -6.4469417e-001
 -5.4994520e-001
 -4.1784160e-001
 -2.7838538e-001
 -1.6622313e-001
 -1.0656023e-001
 -1.1340584e-001
 -1.8566485e-001
 -3.0710358e-001
 -4.5269734e-001
