  2.2743648e-001
  3.5329731e-001
  4.3044169e-001
  4.4731547e-001
  4.0410752e-001
  3.1281826e-001
  1.9398047e-001
  7.4204214e-002
 -2.1306469e-002
 -7.1416747e-002
 -6.5772634e-002
 -4.9617925e-003
  9.9817042e-002
  2.2746374e-001
  3.5213394e-001
  4.4864118e-001
  4.9633866e-001
  4.8459763e-001
  4.1451052e-001
  2.9798228e-001
  1.5633291e-001
  1.5369650e-002
 -9.9123156e-002
 -1.6694268e-001
 -1.7699560e-001
 -1.3012181e-001
 -3.9137111e-002
  7.5363622e-002
  1.8759267e-001
  2.7197081e-001
  3.0879873e-001
  2.8655438e-001
  2.0635844e-001
  8.0912580e-002
 -6.7915082e-002
 -2.1346992e-001
 -3.3054663e-001
 -3.9890084e-001
 -4.0833502e-001
 -3.6000668e-001
 -2.6666428e-001
 -1.5051702e-001
 -3.8159544e-002
  4.5789975e-002
  8.2359243e-002
  6.1843375e-002
 -1.3801548e-002
 -1.3141794e-001
 -2.6911120e-001
 -4.0022727e-001
 -4.9931534e-001
 -5.4699391e-001
 -5.3344814e-001
 -4.5922519e-001
 -3.3803899e-001
 -1.9146310e-001
 -4.6272569e-002
  7.1506327e-002
  1.4137946e-001
  1.5328524e-001
  1.0884883e-001
  2.0868203e-002
 -8.8711865e-002
 -1.9345579e-001
 -2.6871428e-001
 -2.9561686e-001
 -2.6383464e-001
 -1.7494469e-001
 -4.1916731e-002
  1.1371356e-001
  2.6438892e-001
  3.8537415e-001
  4.5640575e-001
  4.6764011e-001
  4.2117536e-001
  3.2973933e-001
  2.1526507e-001
  1.0427542e-001
  2.1462305e-002
 -1.4877272e-002
  4.2608724e-003
  7.7479287e-002
  1.9084871e-001
  3.2183744e-001
  4.4455266e-001
  5.3401520e-001
  5.7085624e-001
  5.4530242e-001
  4.5992553e-001
  3.2910823e-001
  1.7595177e-001
  2.6926001e-002
 -9.2674388e-002
 -1.6412302e-001
 -1.7901445e-001
 -1.3937503e-001
 -5.9508613e-002
  3.9466487e-002
  1.3153184e-001
  1.9090704e-001
  1.9892959e-001
  1.4802202e-001
  4.2301262e-002
 -1.0312395e-001
 -2.6565102e-001
 -4.1769151e-001
 -5.3400242e-001
 -5.9642490e-001
 -5.9605582e-001
 -5.3632924e-001
 -4.3194046e-001
 -3.0543938e-001
 -1.8357122e-001
 -9.1161648e-002
 -4.6709196e-002
 -5.8389884e-002
 -1.2273915e-001
 -2.2476894e-001
 -3.4143807e-001
 -4.4555938e-001
 -5.1273570e-001
 -5.2528766e-001
 -4.7503084e-001
 -3.6649512e-001
 -2.1539871e-001
 -4.5422461e-002
  1.1632909e-001
  2.4494947e-001
  3.2208805e-001
  3.3989510e-001
  3.0203823e-001
  2.2330642e-001
  1.2573333e-001
  3.5853809e-002
 -2.1001360e-002
 -2.8535887e-002
  2.0592724e-002
  1.2261064e-001
  2.6109414e-001
  4.1252927e-001
  5.5036976e-001
  6.4955701e-001
  6.9206699e-001
  6.6960345e-001
  5.8655091e-001
  4.5969874e-001
  3.1150649e-001
  1.6823213e-001
  5.5310872e-002
 -7.7831271e-003
 -1.4630398e-002
  3.0669208e-002
  1.1272446e-001
  2.0850710e-001
  2.9144750e-001
  3.3863767e-001
  3.3325070e-001
  2.6872608e-001
  1.5022935e-001
 -5.8638818e-003
 -1.7586777e-001
 -3.3328353e-001
 -4.5423230e-001
 -5.2082472e-001
 -5.2635558e-001
 -4.7572822e-001
 -3.8455053e-001
 -2.7621666e-001
 -1.7632850e-001
 -1.0869978e-001
 -8.9952647e-002
 -1.2506119e-001
 -2.0795270e-001
 -3.2372509e-001
 -4.4821267e-001
 -5.5567487e-001
 -6.2229282e-001
 -6.3149588e-001
 -5.7750561e-001
 -4.6676441e-001
 -3.1583142e-001
 -1.4859341e-001
  8.3986565e-003
  1.3086460e-001
  2.0142643e-001
  2.1335185e-001
  1.7166133e-001
  9.2515680e-002
 -2.4669521e-004
 -8.0174494e-002
 -1.2356086e-001
 -1.1424401e-001
 -4.6592522e-002
  7.2480088e-002
  2.2552065e-001
  3.8787066e-001
  5.3219243e-001
  6.3359497e-001
  6.7544913e-001
  6.5195646e-001
  5.6969958e-001
  4.4681566e-001
  3.0799686e-001
  1.7985325e-001
  8.6465400e-002
  4.3846675e-002
  5.7903881e-002
  1.2193556e-001
  2.1943679e-001
  3.2609706e-001
  4.1539885e-001
  4.6399019e-001
  4.5610377e-001
  3.8693083e-001
  2.6391032e-001
  1.0434371e-001
 -6.7271343e-002
 -2.2405107e-001
 -3.4205597e-001
 -4.0528606e-001
 -4.0840847e-001
 -3.5767607e-001
 -2.6987506e-001
 -1.6850623e-001
 -7.9794413e-002
 -2.6632043e-002
 -2.4270287e-002
 -7.7196200e-002
 -1.7844971e-001
 -3.1068822e-001
 -4.4910591e-001
 -5.6760415e-001
 -6.4284869e-001
 -6.5920855e-001
 -6.1203238e-001
 -5.0862099e-001
 -3.6639924e-001
 -2.1002055e-001
 -6.6536261e-002
  4.0104056e-002
  9.3868960e-002
  9.0262316e-002
  3.7315862e-002
 -4.7733116e-002
 -1.4129625e-001
 -2.1814579e-001
 -2.5599076e-001
 -2.4065592e-001
 -1.6855833e-001
 -4.8102145e-002
  1.0256279e-001
  2.5883780e-001
  3.9484236e-001
  4.8780509e-001
  5.2258389e-001
  4.9614836e-001
  4.1624032e-001
  3.0114696e-001
  1.7568837e-001
  6.6740248e-002
 -2.8219558e-003
 -1.8902394e-002
  2.2014134e-002
  1.1227668e-001
  2.3310650e-001
  3.5962327e-001
  4.6466264e-001
  5.2531454e-001
  5.2792356e-001
  4.6865673e-001
  3.5675129e-001
  2.1068110e-001
  5.5715252e-002
 -8.1380894e-002
 -1.7704932e-001
 -2.1785873e-001
 -1.9968079e-001
 -1.3075122e-001
 -2.9469888e-002
  7.9142994e-002
  1.6870566e-001
  2.1663071e-001
  2.0877744e-001
  1.4228792e-001
  2.5806999e-002
 -1.2139923e-001
 -2.7317824e-001
 -4.0286596e-001
 -4.8770535e-001
 -5.1340758e-001
 -4.7666342e-001
 -3.8630466e-001
 -2.6147657e-001
 -1.2798996e-001
 -1.3019697e-002
  6.0162404e-002
  7.7450278e-002
  3.6722802e-002
 -5.3401501e-002
 -1.7199749e-001
 -2.9484188e-001
 -3.9586533e-001
 -4.5327616e-001
 -4.5280817e-001
 -3.9242183e-001
 -2.8130222e-001
 -1.3902063e-001
  8.6589098e-003
  1.3528479e-001
  2.1890301e-001
  2.4636924e-001
  2.1568131e-001
  1.3610244e-001
  2.7796868e-002
 -8.4602413e-002
 -1.7555004e-001
 -2.2321641e-001
 -2.1407251e-001
 -1.4627090e-001
 -2.9579445e-002
  1.1594802e-001
  2.6469634e-001
  3.8994897e-001
  4.6894937e-001
  4.8863503e-001
  4.4729483e-001
  3.5445789e-001
  2.3076476e-001
  1.0187366e-001
 -6.2368746e-003
 -7.1504243e-002
 -8.1184564e-002
 -3.4137333e-002
  5.9680362e-002
  1.7986837e-001
  3.0170821e-001
  3.9866782e-001
  4.4929719e-001
  4.4117383e-001
  3.7309081e-001
  2.5620518e-001
  1.1013204e-001
 -3.9686212e-002
 -1.6661572e-001
 -2.4879764e-001
 -2.7331715e-001
 -2.3821597e-001
 -1.5342715e-001
 -3.8754503e-002
  7.8450667e-002
  1.7132670e-001
  2.1808569e-001
  2.0622615e-001
  1.3474476e-001
  1.4614678e-002
 -1.3326962e-001
 -2.8282004e-001
 -4.0726720e-001
 -4.8483740e-001
 -5.0312793e-001
 -4.6074029e-001
 -3.6840360e-001
 -2.4677010e-001
 -1.2142275e-001
 -1.8143960e-002
  4.1428404e-002
  4.5921625e-002
 -5.7216147e-003
 -1.0235271e-001
 -2.2342454e-001
 -3.4243377e-001
 -4.3290810e-001
 -4.7489934e-001
 -4.5675417e-001
 -3.7880829e-001
 -2.5278570e-001
 -9.9922624e-002
  5.3435973e-002
  1.8102425e-001
  2.6169754e-001
  2.8489534e-001
  2.5081836e-001
  1.7122438e-001
  6.6876517e-002
 -3.6288800e-002
 -1.1319483e-001
 -1.4393182e-001
 -1.1848648e-001
 -3.7644044e-002
  8.6243925e-002
  2.3349157e-001
  3.7743758e-001
  4.9244215e-001
  5.5848121e-001
  5.6460845e-001
  5.1088506e-001
  4.0963840e-001
  2.8239225e-001
  1.5530499e-001
  5.3105647e-002
 -4.5783180e-003
 -7.4246582e-003
  4.3856656e-002
  1.3604110e-001
  2.4831328e-001
  3.5482479e-001
  4.2963792e-001
  4.5197044e-001
  4.1281968e-001
  3.1371382e-001
  1.6805510e-001
 -1.7746125e-003
 -1.6903058e-001
 -3.0796049e-001
 -3.9754070e-001
 -4.2727149e-001
 -3.9779293e-001
 -3.2195699e-001
 -2.2009453e-001
 -1.1783918e-001
 -4.0835554e-002
 -8.4172626e-003
 -3.1261323e-002
 -1.0870372e-001
 -2.2801831e-001
 -3.6746191e-001
 -4.9948180e-001
 -5.9764813e-001
 -6.4225730e-001
 -6.2386117e-001
 -5.4494509e-001
 -4.1911358e-001
 -2.6849522e-001
 -1.2030321e-001
  4.3396261e-005
  7.3380314e-002
  8.9323024e-002
  5.0109947e-002
 -3.0196984e-002
 -1.2952937e-001
 -2.2223097e-001
 -2.8297579e-001
 -2.9407534e-001
 -2.4648031e-001
 -1.4157627e-001
  6.3027561e-003
  1.7431813e-001
  3.3533792e-001
  4.6386441e-001
  5.4057367e-001
  5.5550331e-001
  5.1126915e-001
  4.2109285e-001
  3.0652770e-001
  1.9403887e-001
  1.0887656e-001
  7.1096372e-002
  8.9563366e-002
  1.6001146e-001
  2.6857131e-001
  3.9246001e-001
  5.0504694e-001
  5.8104359e-001
  6.0208636e-001
  5.5974868e-001
  4.5771501e-001
  3.1085962e-001
  1.4255226e-001
 -2.0133462e-002
 -1.5168851e-001
 -2.3268455e-001
 -2.5406894e-001
 -2.1830265e-001
 -1.3978068e-001
 -4.1295759e-002
  5.1078464e-002
  1.1318485e-001
  1.2499521e-001
  7.7858216e-002
 -2.4381512e-002
 -1.6604574e-001
 -3.2433881e-001
 -4.7236077e-001
 -5.8463516e-001
 -6.4219177e-001
 -6.3664047e-001
 -5.7199156e-001
 -4.6231159e-001
 -3.3025838e-001
 -2.0133818e-001
 -1.0124832e-001
 -4.9056986e-002
 -5.2864327e-002
 -1.0882660e-001
 -2.0172992e-001
 -3.0943295e-001
